title
C  
N 1 R12*          
O 1 R13* 2 A213*         
H 1 R14* 3 A314* 2 D2314*        

R12           =        1.24985650
R13           =        1.30047391
A213          =        88.20574231
R14           =        1.08361021
A314          =        131.83875873
D2314         =        180.00000000

*CFOUR(CALC=CCSD(T),BASIS=cc-pVTZ,FROZEN_CORE=1
       CONVERGENCE=8
       MEMORY_SIZE=5000,MEM_UNIT=MB,ABCDTYPE=AOBASIS,CC_PROG=ECC
       MULTIPLICITY=1,CHARGE=0
       SCF_CONV=8,CC_CONV=10)

