C                                                                               
N 1 R12                                                                        
H 1 R13 2 A213                                                                
H 1 R14 2 A214 3 D3214                                                       
O 2 R25 1 A125 3 D3125                                                       
H 5 R56 2 A256 1 D1256                                                       
                                                                                
R12  =        1.278199236476937                                                 
R13  =        1.086543832904408                                                 
A213 =      122.325486394081324                                                 
R14  =        1.080860133878774                                                 
A214 =      116.478922061522837                                                 
D3214=      180.000000000000000                                                 
R25  =        1.405223661769936                                                 
A125 =      110.300663869652240                                                 
D3125=        0.000000000000000                                                 
R56  =        0.961267030471813                                                 
A256 =      102.004863986830458                                                 
D1256=      180.000000000000000                                                 
                                                                                