O                                                                               
H 1 R12                                                                        
C 2 R23 1 A123                                                                
N 3 R34 2 A234 1 D1234                                                       
H 4 R45 3 A345 2 D2345                                                       
H 4 R46 3 A346 2 D2346                                                       
                                                                                
R12  =        1.225992122101209                                                 
R23  =        1.224063424518595                                                 
A123 =       65.128978915033514                                                 
R34  =        1.331779880890327                                                 
A234 =      175.666734339083632                                                 
D1234=        0.000000000000000                                                 
R45  =        1.013496445154732                                                 
A345 =      118.745953348682548                                                 
D2345=        0.000000000000000                                                 
R46  =        1.002293372139067                                                 
A346 =      121.152401404539788                                                 
D2346=      180.000000000000000                                                 
                                                                                