title
C
N 1 R12
H 1 R13 2 A213
H 1 R14 2 A214 3 D3214
H 1 R15 2 A215 3 D3215
O 2 R26 1 A126 3 D3126

R12  =        1.486843489273255
R13  =        1.091277641678203
A213 =      106.984153616811909
R14  =        1.091277634127410
A214 =      106.984155008247612
D3214=     -115.464439533144201
R15  =        1.089774086641546
A215 =      110.943258710915501
D3215=      122.267778435625047
R26  =        1.212856468378427
A126 =      112.779307937524720
D3126=     -122.267757476145590

*CFOUR(CALC=CCSD(T),BASIS=cc-pVTZ,FROZEN_CORE=1
       VIB=EXACT
       MEMORY_SIZE=5000,MEM_UNIT=MB,ABCDTYPE=AOBASIS,CC_PROG=ECC
       MULTIPLICITY=1,CHARGE=0
       SCF_CONV=8,CC_CONV=10)

