title
C
N 1 R12
O 1 R13 2 A213
H 1 R14 3 A314 2 D2314
H 2 R25 1 A125 3 D3125
H 3 R36 1 A136 2 D2136

R12  =        1.264139219667722
R13  =        1.365154996740716
A213 =      124.415333284312212
R14  =        1.088175930611112
A314 =      115.176684875453589
D2314=      180.000000000000000
R25  =        1.021869861530533
A125 =      109.575981311385448
D3125=        0.000000000000000
R36  =        0.961562192765450
A136 =      108.785282542989052
D2136=      180.000000000000000

*CFOUR(CALC=CCSD(T),BASIS=cc-pVTZ,FROZEN_CORE=1
       VIB=EXACT
       MEMORY_SIZE=5000,MEM_UNIT=MB,ABCDTYPE=AOBASIS,CC_PROG=ECC
       MULTIPLICITY=1,CHARGE=0
       SCF_CONV=8,CC_CONV=10)

