title
C
N 1 R12
H 1 R13 2 A213
H 1 R14 2 A214 3 D3214
O 2 R25 1 A125 3 D3125
H 5 R56 2 A256 1 D1256

R12  =        1.279268939287131
R13  =        1.092477591074938
A213 =      123.139848996121486
R14  =        1.080869030809640
A214 =      116.975347208654739
D3214=      180.000000000000000
R25  =        1.385859399229842
A125 =      115.551758902278351
D3125=        0.000000000000000
R56  =        0.971191358229503
A256 =      107.591916484293577
D1256=        0.000000000000000

*CFOUR(CALC=CCSD(T),BASIS=cc-pVTZ,FROZEN_CORE=1
       VIB=EXACT
       MEMORY_SIZE=5000,MEM_UNIT=MB,ABCDTYPE=AOBASIS,CC_PROG=ECC
       MULTIPLICITY=1,CHARGE=0
       SCF_CONV=8,CC_CONV=10)

