title
C
N 1 R12
O 1 R13 2 A213
H 1 R14 3 A314 2 D2314
H 2 R25 1 A125 3 D3125
H 3 R36 1 A136 2 D2136

R12  =        1.269082593268988
R13  =        1.348383807144536
A213 =      121.844493114386012
R14  =        1.088198259630469
A314 =      110.681175922510064
D2314=     -180.000000000000000
R25  =        1.015789550560973
A125 =      109.827857061460932
D3125=     -180.000000000000000
R36  =        0.967775419484690
A136 =      105.605534860290334
D2136=        0.000000000000000

*CFOUR(CALC=CCSD(T),BASIS=cc-pVTZ,FROZEN_CORE=1
       VIB=EXACT
       MEMORY_SIZE=5000,MEM_UNIT=MB,ABCDTYPE=AOBASIS,CC_PROG=ECC
       MULTIPLICITY=1,CHARGE=0
       SCF_CONV=8,CC_CONV=10)

