title
N  
C 1 R12*          
X 2 R23* 1 A123*         
H 2 R24* 3 A324* 1 D1324*        

R12           =        1.14593700
R23           =        1.00013159
A123          =        89.07056414
R24           =        1.06592100
A324          =        90.92943586
D1324         =        180.00000000

*CFOUR(CALC=CCSD(T),BASIS=cc-pVTZ,FROZEN_CORE=1
       CONVERGENCE=8
       MEMORY_SIZE=5000,MEM_UNIT=MB,ABCDTYPE=AOBASIS,CC_PROG=ECC
       MULTIPLICITY=1,CHARGE=0
       SCF_CONV=8,CC_CONV=10)

