title
C
N 1 R12
O 1 R13 2 A213
H 1 R14 3 A314 2 D2314
H 1 R15 2 A215 3 D3215
H 2 R26 1 A126 3 D3126

R12  =        1.441013219952494
R13  =        1.397819012603235
A213 =       64.085646053408411
R14  =        1.084922006586772
A314 =      116.264212973499099
D2314=     -106.869414218020779
R15  =        1.086881540326585
A215 =      119.194325158686340
D3215=     -106.561643881139048
R26  =        1.023036655186063
A126 =      106.198160524058665
D3126=       93.772899082289200

*CFOUR(CALC=CCSD(T),BASIS=cc-pVTZ,FROZEN_CORE=1
       VIB=EXACT
       MEMORY_SIZE=5000,MEM_UNIT=MB,ABCDTYPE=AOBASIS,CC_PROG=ECC
       MULTIPLICITY=1,CHARGE=0
       SCF_CONV=8,CC_CONV=10)

