title
C
N 1 R12
O 1 R13 2 A213
H 1 R14 3 A314 2 D2314
H 2 R25 1 A125 3 D3125
H 3 R36 1 A136 2 D2136

R12  =        1.268490190793958
R13  =        1.360037437347901
A213 =      129.398502304971032
R14  =        1.084590042057310
A314 =      110.027005024480417
D2314=      180.000000000000000
R25  =        1.022476415029006
A125 =      111.365446233622720
D3125=        0.000000000000000
R36  =        0.965050548465591
A136 =      108.221718542061183
D2136=        0.000000000000000

*CFOUR(CALC=CCSD(T),BASIS=cc-pVTZ,FROZEN_CORE=1
       VIB=EXACT
       MEMORY_SIZE=5000,MEM_UNIT=MB,ABCDTYPE=AOBASIS,CC_PROG=ECC
       MULTIPLICITY=1,CHARGE=0
       SCF_CONV=8,CC_CONV=10)

